StartChar: uni2049
Encoding: 8265 8265 380
Width: 600
VWidth: 0
HStem: 0 100<33.7012 116.299 333.701 416.299> 500 21G<211.5 238.5> 630 20G<61.5 88.5> 650 83<308.586 444.138>
VStem: 25 100<8.70117 91.2988 208.701 641.299> 175 100<508.701 617.798> 325 100<8.70117 91.2988 208.701 349.009> 475 100<500.919 617.798>
LayerCount: 2
Fore
Refer: 43 63 N 1 0 0 1 150 0 2
Refer: 42 33 N 1 0 0 1 0 0 2
Validated: 1
EndChar
