StartChar: uni2047
Encoding: 8263 8263 378
Width: 900
VWidth: 0
HStem: 0 100<183.701 266.299 633.701 716.299> 500 21G<61.5 88.5 511.5 538.5> 650 83<158.586 294.138 608.586 744.138>
VStem: 25 100<508.701 617.798> 175 100<8.70117 91.2988 208.701 349.009> 325 100<500.919 617.798> 475 100<508.701 617.798> 625 100<8.70117 91.2988 208.701 349.009> 775 100<500.919 617.798>
LayerCount: 2
Fore
Refer: 43 63 N 1 0 0 1 450 0 2
Refer: 43 63 N 1 0 0 1 0 0 2
Validated: 1
EndChar
