StartChar: uni33C2
Encoding: 13250 13250 552
Width: 1714
VWidth: 0
HStem: -10 88<202.027 374.377> 0 21G<432 518 775 862 1100 1187 1431 1520> 0 100<614.701 697.299 1597.7 1680.3> 440 84<202.027 373.295> 441 75<920.03 1049.43 1249.25 1379.84> 486 20G<775 862> 495 20G<432 518>
VStem: 25 82<172.126 343.874> 432 86<0 35 125.655 390.983 479 515> 606 100<8.70117 91.2988> 775 87<0 381.727 467 506> 1100 87<0 379.994> 1431 89<0 387.731> 1589 100<8.70117 91.2988>
LayerCount: 2
Fore
Refer: 28 46 N 1 0 0 1 1564 0 2
Refer: 2 109 N 1 0 0 1 731 0 2
Refer: 28 46 N 1 0 0 1 581 0 2
Refer: 3 97 N 1 0 0 1 0 0 2
Validated: 1
EndChar
