StartChar: uni33D8
Encoding: 13272 13272 569
Width: 1703
VWidth: 0
HStem: -10 84<196.705 367.973> 0 21G<764 851 1089 1176 1420 1509> 0 100<603.701 686.299 1586.7 1669.3> 436 88<195.623 367.973> 441 75<909.03 1038.43 1238.25 1368.84> 486 20G<764 851> 491 20G<44 138>
VStem: 44 94<-200 35 123.017 388.345 479 511> 463 82<170.126 341.874> 595 100<8.70117 91.2988> 764 87<0 381.727 467 506> 1089 87<0 379.994> 1420 89<0 387.731> 1578 100<8.70117 91.2988>
LayerCount: 2
Fore
Refer: 28 46 N 1 0 0 1 1553 0 2
Refer: 2 109 N 1 0 0 1 720 0 2
Refer: 28 46 N 1 0 0 1 570 0 2
Refer: 8 112 N 1 0 0 1 0 0 2
Validated: 1
EndChar
